c189f533-6852-48c6-9d3d-04986ff7bcd9	1	1	1	0	1	1	0	1	0	0	0	0	0	0	1	0	0	0	0	2	7	2	0
84cd9d7b-d804-472d-8509-08e95ade4670	0	1	1	0	0	0	1	1	1	0	0	0	0	0	0	0	0	0	0	2	5	2	0
31ad2a95-42ac-4529-9144-3890da0100b3	1	1	0	1	0	0	0	0	0	1	0	0	0	0	0	0	0	0	0	2	4	2	0
2ebafe54-f7ba-4903-9537-130c6ca55724	0	1	1	0	0	0	0	1	0	0	0	0	0	0	0	0	1	0	0	2	4	2	0
086f9747-6983-4b1a-a7dc-91f86c8f1be2	1	0	0	0	1	0	0	0	0	1	1	0	0	0	0	0	0	0	0	2	4	2	0
ca2a19f0-251d-4097-a3f0-e05a0c5ac96d	1	0	1	1	0	0	0	0	0	0	0	0	0	0	0	0	0	0	0	2	3	2	0
6dccc99d-0257-49fd-9027-16d4a1b5f931	0	1	0	0	0	0	1	0	0	0	0	0	0	0	0	0	1	0	0	2	3	2	0
452302e7-7b6b-45ae-b64b-0d78e658f8fa	0	0	0	1	0	0	0	1	0	0	0	0	0	1	0	0	0	0	0	2	3	2	0
3de32043-678c-4ff3-a2d7-bb8e57ac858a	0	1	0	0	0	0	1	1	0	0	0	0	0	0	0	0	0	0	0	2	3	2	0
26f9f0f9-d745-48af-89e7-4994c32ed9df	0	0	0	0	0	0	1	0	0	0	0	1	0	0	0	0	0	0	1	2	3	2	0
e37e68de-eddf-4452-847d-3378e49a8662	1	0	0	0	0	1	0	0	0	0	0	0	0	0	0	0	0	0	0	2	2	2	0
c8a9301a-536b-4a9b-945d-c6b55733197b	0	0	1	1	0	0	0	0	0	0	0	0	0	0	0	0	0	0	0	2	2	2	0
97086f0f-ce61-40ff-8aab-d6d5f765332b	1	0	1	0	0	0	0	0	0	0	0	0	0	0	0	0	0	0	0	2	2	2	0
b7f80c21-b739-42dd-862e-eb4c7ee84afe	1	0	0	0	0	0	0	0	0	0	0	0	0	0	0	0	0	0	0	2	1	2	0
a078b312-1437-45ba-a63c-8883f2b98b20	0	0	1	0	0	0	0	0	0	0	0	0	0	0	0	0	0	0	0	2	1	2	0
cf1c4c8d-4bea-4c29-8dc7-70ac0696495e	0	0	0	0	0	0	0	0	0	0	0	0	0	0	0	0	0	0	0	2	0	1	0
cf05b747-6aac-4f1e-8b73-5af6e8b11b24	0	0	0	0	0	0	0	0	0	0	0	0	0	0	0	0	0	0	0	2	0	1	0
4473f262-0eba-4d01-bd76-89a7c7e6486f	0	0	0	0	0	0	0	0	0	0	0	0	0	0	0	0	0	0	0	2	0	1	0
32b64a33-ecb3-4cce-95a5-0f4dbbf35953	0	0	0	0	0	0	0	0	0	0	0	0	0	0	0	0	0	0	0	2	0	1	0
